Calibration matrix for normalized set:
[[-0.45827554  0.29474237  0.01395746 -0.0040258 ]
 [ 0.05085589  0.0545847   0.54105993  0.05237592]
 [-0.10900958 -0.17834548  0.04426782 -0.5968205 ]]

Measured normalized 2d:
[[ 1.0486 -0.3645]
 [-1.6851 -0.4004]
 [-0.9437 -0.42  ]
 [ 1.0682  0.0699]
 [ 0.6077 -0.0771]
 [ 1.2543 -0.6454]
 [-0.2709  0.8635]
 [-0.4571 -0.3645]
 [-0.7902  0.0307]
 [ 0.7318  0.6382]
 [-1.058   0.3312]
 [ 0.3464  0.3377]
 [ 0.3137  0.1189]
 [-0.431   0.0242]
 [-0.4799  0.292 ]
 [ 0.6109  0.083 ]
 [-0.4081  0.292 ]
 [-0.1109 -0.2992]
 [ 0.5129 -0.0575]
 [ 0.1406 -0.4527]]

Calculated normalized 2d:
[[ 1.04675229 -0.36260293]
 [-1.68404882 -0.39789506]
 [-0.94477667 -0.42048269]
 [ 1.06696778  0.06863591]
 [ 0.60831667 -0.07645742]
 [ 1.25533763 -0.64667157]
 [-0.26987846  0.86279526]
 [-0.45690007 -0.36669535]
 [-0.79178788  0.02891519]
 [ 0.73206965  0.63635264]
 [-1.05449234  0.32887551]
 [ 0.34846672  0.33835573]
 [ 0.31616771  0.1168917 ]
 [-0.43138514  0.02509231]
 [-0.48588986  0.29930809]
 [ 0.61188852  0.08208573]
 [-0.40810919  0.29262215]
 [-0.11190705 -0.30046996]
 [ 0.51226126 -0.05690154]
 [ 0.14190608 -0.45184301]]

Residuals of normalized:
[ 0.00264819  0.00271656  0.00117991  0.00176531  0.00089061  0.00164121
  0.00124105  0.00220443  0.00238891  0.00186693  0.00420796  0.00216825
  0.00318164  0.00097188  0.00944916  0.0013465   0.00062221  0.00162078
  0.00087529  0.00156214]

Center:
[[-1.51267725]
 [-2.35168754]
 [ 0.28262819]]

** Raw **
Residual averages:
Sample size 8
0.575907382113
2.22899387998
31.8265699067
0.479847699966
5.20361456022
3.61242647602
0.660813358469
8.94162259576
0.292178113513
1.02557095042

Sample size 12
0.266682973361
5.20198548059
0.296978815963
1.62194051714
0.496179666281
1.46958119815
2.94644093981
4.97655001456
0.368299855309
0.321070890435

Sample size 16
7.9476211229
1.39603831196
1.06176556916
0.659281965968
0.351722239968
0.491647181555
0.376260318237
1.52115780154
0.454279925979
7.21816777304


Sample Matrix Centers:
residual:0.266682973361, center:[[ 762.03795613  232.18599641  314.7268022 ]]
residual:0.292178113513, center:[[ 748.55950708  244.77427665  314.55534556]]
residual:0.296978815963, center:[[ 714.96261955  267.59699467  313.22195555]]
residual:0.321070890435, center:[[ 781.75231513  224.79847938  314.77498044]]
residual:0.351722239968, center:[[ 691.84529485  254.74993002  313.39418365]]
residual:0.368299855309, center:[[ 692.91602488  283.40446189  312.58746843]]
residual:0.376260318237, center:[[ 732.73042912  246.77659044  314.16355069]]
residual:0.454279925979, center:[[ 690.46992084  254.50298034  313.4742088 ]]
residual:0.479847699966, center:[[ 775.51981775  256.41299633  314.55787029]]
residual:0.491647181555, center:[[ 703.08448211  248.70030983  313.7111253 ]]
residual:0.496179666281, center:[[ 885.85449161  196.98856624  318.35489766]]
residual:0.575907382113, center:[[ 722.55157504  201.86708113  315.92749589]]
residual:0.659281965968, center:[[ 656.16347141  272.78126329  312.80988756]]
residual:0.660813358469, center:[[ 786.64531056  246.52966937  315.27550393]]
residual:1.02557095042, center:[[ 718.40069029  223.03135679  314.36080056]]
residual:1.06176556916, center:[[ 655.98589187  265.48731335  312.93329522]]
residual:1.39603831196, center:[[ 715.95459812  245.36825297  313.58393248]]
residual:1.46958119815, center:[[ 693.60202158  282.77614893  312.04302912]]
residual:1.52115780154, center:[[ 616.37647904  289.54871599  312.23164662]]
residual:1.62194051714, center:[[ 450.79687569  201.1180873   311.34288965]]
residual:2.22899387998, center:[[ 514.00923896  348.80765169  309.4517815 ]]
residual:2.94644093981, center:[[ 508.63978157  355.39667094  309.94578576]]
residual:3.61242647602, center:[[ 758.89686277  259.07951486  311.86136201]]
residual:4.97655001456, center:[[ 671.26091096  312.9986993   311.65161193]]
residual:5.20198548059, center:[[ 725.18079648  233.22833441  314.22205783]]
residual:5.20361456022, center:[[ 338.10344928  245.87643165  309.17911123]]
residual:7.21816777304, center:[[ 691.41750936  279.27758939  312.47395774]]
residual:7.9476211229, center:[[ 727.54614656  234.06169329  313.84914041]]
residual:8.94162259576, center:[[ 740.24677985  264.79128311  312.65334266]]
residual:31.8265699067, center:[[ 919.08497925  365.62370117  312.50484819]]

Sample Matrix:
residual:0.266682973361,
matrix:
[[  2.94025059e-06  -2.18644585e-05  -3.15313867e-03   9.95213289e-01]
 [  3.11020740e-07  -2.46158631e-06  -3.09117452e-04   9.76220835e-02]
 [  1.06821453e-08  -7.04692448e-08  -1.02203830e-05   3.22485024e-03]]
residual:0.292178113513, matrix:[[  1.11419844e-05  -2.81823033e-05  -3.16879726e-03   9.95319983e-01]
 [  1.09010514e-06  -2.94341473e-06  -3.07174343e-04   9.65277951e-02]
 [  3.71350066e-08  -9.04560367e-08  -1.02603663e-05   3.22179661e-03]]
residual:0.296978815963, matrix:[[  6.39312001e-06  -1.40001090e-05  -3.18030686e-03   9.95317481e-01]
 [  6.26456651e-07  -1.58282387e-06  -3.08335663e-04   9.65531651e-02]
 [  2.15700332e-08  -4.49638667e-08  -1.03013022e-05   3.22320444e-03]]
residual:0.321070890435, matrix:[[  6.66020536e-06  -1.86163602e-05  -3.16484028e-03   9.95190836e-01]
 [  6.80087471e-07  -2.13709251e-06  -3.11020589e-04   9.78502550e-02]
 [  2.26667611e-08  -6.00845753e-08  -1.02657428e-05   3.22718612e-03]]
residual:0.351722239968, matrix:[[ -7.38875680e-06   2.44825488e-05   3.17223470e-03  -9.95284956e-01]
 [ -7.27563262e-07   2.58310406e-06   3.08664101e-04  -9.68882183e-02]
 [ -2.47955535e-08   7.89210869e-08   1.02660117e-05  -3.22025881e-03]]
residual:0.368299855309, matrix:[[ -7.41528645e-06   1.04637214e-05   3.19118539e-03  -9.95351857e-01]
 [ -7.15662444e-07   1.20670104e-06   3.08239312e-04  -9.61978366e-02]
 [ -2.47660277e-08   3.33523299e-08   1.03308385e-05  -3.22158206e-03]]
residual:0.376260318237, matrix:[[  8.51000521e-06  -1.78471511e-05  -3.17378681e-03   9.95256851e-01]
 [  8.45398720e-07  -2.01387310e-06  -3.09707375e-04   9.71762960e-02]
 [  2.85894031e-08  -5.74564740e-08  -1.02857202e-05   3.22462897e-03]]
residual:0.454279925979, matrix:[[  1.08219772e-05  -2.77581041e-05  -3.17628756e-03   9.95276501e-01]
 [  1.06632931e-06  -2.92030860e-06  -3.09332938e-04   9.69748570e-02]
 [  3.58709871e-08  -8.95832692e-08  -1.02835629e-05   3.22166312e-03]]
residual:0.479847699966, matrix:[[ -1.02385954e-05  -7.20911728e-06   3.19524518e-03  -9.95300773e-01]
 [ -1.00781421e-06  -3.45760869e-07   3.10260332e-04  -9.67245918e-02]
 [ -3.43887109e-08  -2.37354803e-08   1.03657174e-05  -3.22786278e-03]]
residual:0.491647181555, matrix:[[  1.30556854e-05  -3.48503854e-05  -3.17440532e-03   9.95334317e-01]
 [  1.25953875e-06  -3.52677850e-06  -3.07251171e-04   9.63796593e-02]
 [  4.30848341e-08  -1.12568319e-07  -1.02805748e-05   3.22283420e-03]]
residual:0.496179666281, matrix:[[ -1.40600361e-05   6.05200169e-06   3.16115228e-03  -9.95105339e-01]
 [ -1.42376920e-06   1.20167850e-06   3.13299156e-04  -9.87157853e-02]
 [ -4.76033851e-08   1.94466856e-08   1.02823604e-05  -3.23510089e-03]]
residual:0.575907382113, matrix:[[ -8.79741376e-07   9.37385870e-06   3.14597354e-03  -9.95156157e-01]
 [ -1.27280719e-07   1.34453099e-06   3.10272937e-04  -9.82032018e-02]
 [ -4.52344181e-09   3.01084968e-08   1.01797297e-05  -3.21886601e-03]]
residual:0.659281965968, matrix:[[  1.34197197e-05  -3.96989291e-05  -3.17559356e-03   9.95380659e-01]
 [  1.28332155e-06  -3.93164635e-06  -3.05839368e-04   9.58999891e-02]
 [  4.40348771e-08  -1.28000413e-07  -1.02683055e-05   3.21804951e-03]]
residual:0.660813358469, matrix:[[ -1.00586290e-05   1.33694899e-06   3.18099249e-03  -9.95306036e-01]
 [ -9.92291540e-07   4.52226987e-07   3.08745777e-04  -9.66708865e-02]
 [ -3.40160520e-08   3.86228175e-09   1.03207311e-05  -3.22806730e-03]]
residual:1.02557095042, matrix:[[ -9.66289795e-06   4.11863898e-05   3.15907364e-03  -9.95332941e-01]
 [ -9.17627261e-07   4.09021883e-06   3.05832027e-04  -9.63946237e-02]
 [ -3.18472720e-08   1.32642266e-07   1.02065689e-05  -3.21524946e-03]]
residual:1.06176556916, matrix:[[  1.04982186e-05  -2.72244924e-05  -3.17946627e-03   9.95301931e-01]
 [  1.03051402e-06  -2.83674983e-06  -3.08808107e-04   9.67134570e-02]
 [  3.47435871e-08  -8.77972041e-08  -1.02875945e-05   3.21984860e-03]]
residual:1.39603831196, matrix:[[  1.00068249e-05  -2.48365941e-05  -3.17722771e-03   9.95257241e-01]
 [  9.89206042e-07  -2.64436264e-06  -3.10065673e-04   9.71722291e-02]
 [  3.32814225e-08  -8.01557426e-08  -1.02929525e-05   3.22354422e-03]]
residual:1.46958119815, matrix:[[  8.08817698e-06  -2.00167344e-05  -3.18959574e-03   9.95341395e-01]
 [  7.83729594e-07  -2.09884424e-06  -3.08470709e-04   9.63060410e-02]
 [  2.68810326e-08  -6.44327248e-08  -1.03288188e-05   3.22261121e-03]]
residual:1.52115780154, matrix:[[ -1.28191818e-05   3.54400807e-05   3.18024118e-03  -9.95332129e-01]
 [ -1.25257087e-06   3.59940660e-06   3.07886911e-04  -9.64021856e-02]
 [ -4.21551926e-08   1.14487302e-07   1.02861664e-05  -3.21883285e-03]]
residual:1.62194051714, matrix:[[  1.15313653e-05  -4.85547163e-05  -3.18219029e-03   9.95319248e-01]
 [  1.10989488e-06  -4.71951967e-06  -3.08620397e-04   9.65356098e-02]
 [  3.73192344e-08  -1.56179258e-07  -1.02340034e-05   3.20087128e-03]]
residual:2.22899387998, matrix:[[  2.02686235e-05  -4.12904404e-05  -3.20399874e-03   9.95467281e-01]
 [  1.92724370e-06  -3.98741132e-06  -3.05687127e-04   9.49956445e-02]
 [  6.58618368e-08  -1.33512104e-07  -1.03596400e-05   3.21852551e-03]]
residual:2.94644093981, matrix:[[  1.31063858e-05  -2.89412058e-05  -3.20001099e-03   9.95449100e-01]
 [  1.25576586e-06  -2.87816315e-06  -3.05866683e-04   9.51862464e-02]
 [  4.27422225e-08  -9.32211401e-08  -1.03342362e-05   3.21444306e-03]]
residual:3.61242647602, matrix:[[ -1.56176307e-05   5.11145129e-05   3.18760682e-03  -9.95481957e-01]
 [ -1.46697857e-06   4.87334590e-06   3.03638334e-04  -9.48423629e-02]
 [ -5.07231014e-08   1.64711432e-07   1.02989061e-05  -3.21601064e-03]]
residual:4.97655001456, matrix:[[ -1.15407412e-05   2.61175510e-05   3.19251409e-03  -9.95380073e-01]
 [ -1.11536624e-06   2.68152906e-06   3.07441805e-04  -9.59053476e-02]
 [ -3.79707651e-08   8.43270049e-08   1.03379158e-05  -3.22273409e-03]]
residual:5.20198548059, matrix:[[ -1.51905406e-05   4.41768290e-05   3.16990864e-03  -9.95342617e-01]
 [ -1.45424262e-06   4.38416430e-06   3.06553927e-04  -9.62939281e-02]
 [ -5.00594351e-08   1.43134174e-07   1.02771509e-05  -3.22638830e-03]]
residual:5.20361456022, matrix:[[  1.03549842e-05   1.10870148e-05   3.19866699e-03  -9.95188109e-01]
 [  9.62617575e-07   1.19133715e-06   3.14576238e-04  -9.78787877e-02]
 [  3.39269846e-08   3.39460650e-08   1.01839143e-05  -3.16847095e-03]]
residual:7.21816777304, matrix:[[ -6.79884359e-06   1.26353044e-05   3.18914910e-03  -9.95353960e-01]
 [ -6.57246730e-07   1.39686674e-06   3.07995257e-04  -9.61761785e-02]
 [ -2.27367265e-08   4.03895370e-08   1.03200910e-05  -3.22031900e-03]]
residual:7.9476211229, matrix:[[ -1.30747167e-05   3.55481037e-05   3.17484975e-03  -9.95231855e-01]
 [ -1.29153653e-06   3.68134317e-06   3.10690254e-04  -9.74318781e-02]
 [ -4.32086979e-08   1.15106432e-07   1.02923645e-05  -3.22575543e-03]]
residual:8.94162259576, matrix:[[ -1.37485178e-05   1.66796643e-05   3.20208880e-03  -9.95383101e-01]
 [ -1.32603204e-06   1.74774675e-06   3.08303488e-04  -9.58733133e-02]
 [ -4.54078240e-08   5.40722685e-08   1.03966601e-05  -3.23125541e-03]]
residual:31.8265699067, matrix:[[  2.31375568e-05  -6.38260999e-05  -3.17889777e-03   9.95491920e-01]
 [  2.20059336e-06  -6.12225141e-06  -3.02463152e-04   9.47371095e-02]
 [  7.57908404e-08  -2.07948040e-07  -1.03561852e-05   3.24273060e-03]]


Fundemental Matrix:
[[ -6.60698417e-07   7.91031621e-06  -1.88600198e-03]
 [  8.82396296e-06   1.21382933e-06   1.72332901e-02]
 [ -9.07382302e-04  -2.64234650e-02   9.99500092e-01]]

Fundemental Reduced:
[[ -5.36264198e-07   7.90364771e-06  -1.88600204e-03]
 [  8.83539184e-06   1.21321685e-06   1.72332901e-02]
 [ -9.07382264e-04  -2.64234650e-02   9.99500092e-01]]

