Calibration matrix for normalized set:
[[-0.45827554  0.29474237  0.01395746 -0.0040258 ]
 [ 0.05085589  0.0545847   0.54105993  0.05237592]
 [-0.10900958 -0.17834548  0.04426782 -0.5968205 ]]

Measured normalized 2d:
[[ 1.0486 -0.3645]
 [-1.6851 -0.4004]
 [-0.9437 -0.42  ]
 [ 1.0682  0.0699]
 [ 0.6077 -0.0771]
 [ 1.2543 -0.6454]
 [-0.2709  0.8635]
 [-0.4571 -0.3645]
 [-0.7902  0.0307]
 [ 0.7318  0.6382]
 [-1.058   0.3312]
 [ 0.3464  0.3377]
 [ 0.3137  0.1189]
 [-0.431   0.0242]
 [-0.4799  0.292 ]
 [ 0.6109  0.083 ]
 [-0.4081  0.292 ]
 [-0.1109 -0.2992]
 [ 0.5129 -0.0575]
 [ 0.1406 -0.4527]]

Calculated normalized 2d:
[[ 1.04675229 -0.36260293]
 [-1.68404882 -0.39789506]
 [-0.94477667 -0.42048269]
 [ 1.06696778  0.06863591]
 [ 0.60831667 -0.07645742]
 [ 1.25533763 -0.64667157]
 [-0.26987846  0.86279526]
 [-0.45690007 -0.36669535]
 [-0.79178788  0.02891519]
 [ 0.73206965  0.63635264]
 [-1.05449234  0.32887551]
 [ 0.34846672  0.33835573]
 [ 0.31616771  0.1168917 ]
 [-0.43138514  0.02509231]
 [-0.48588986  0.29930809]
 [ 0.61188852  0.08208573]
 [-0.40810919  0.29262215]
 [-0.11190705 -0.30046996]
 [ 0.51226126 -0.05690154]
 [ 0.14190608 -0.45184301]]

Residuals of normalized:
[ 0.00264819  0.00271656  0.00117991  0.00176531  0.00089061  0.00164121
  0.00124105  0.00220443  0.00238891  0.00186693  0.00420796  0.00216825
  0.00318164  0.00097188  0.00944916  0.0013465   0.00062221  0.00162078
  0.00087529  0.00156214]

Center:
[[-1.51267725]
 [-2.35168754]
 [ 0.28262819]]

** Raw **
Residual averages:
[8, 12, 16]
3.22521423334, 1.29476325589, 2.32624473162,
35.7408735858, 5.82369720784, 0.420201442615,
0.607941958408, 5.29466117456, 1.07183047334,
0.430868730523, 1.63052561014, 0.248469602371,
6.16559218242, 2.61785845694, 3.6877665142,
1.31483555819, 1.78323724368, 1.04689751013,
0.292294350103, 1.08503749671, 1.00908869657,
0.951251266132, 1.76418961183, 0.341373871548,
0.754802810084, 0.337951073321, 0.360351187374,
0.472334633083, 0.47024351789, 0.554205970077,

Sample Matrix Centers:
residual:0.248469602371, center:[[ 710.62549146  253.55691212  313.74724132]]
residual:0.292294350103, center:[[ 770.46755323  252.56404002  314.99928117]]
residual:0.337951073321, center:[[ 817.57004918  216.14759702  315.70038584]]
residual:0.341373871548, center:[[ 726.23477222  241.45895882  314.01424969]]
residual:0.360351187374, center:[[ 837.45889549  209.83416065  316.7394829 ]]
residual:0.420201442615, center:[[ 809.37135076  206.2316028   316.0819973 ]]
residual:0.430868730523, center:[[ 738.79623675  264.68166593  314.04357891]]
residual:0.47024351789, center:[[ 796.69273378  237.75438504  315.7038589 ]]
residual:0.472334633083, center:[[ 807.62287409  195.76207734  315.60582071]]
residual:0.554205970077, center:[[ 770.69306802  230.42105301  314.6811689 ]]
residual:0.607941958408, center:[[ 786.73097261  240.14009039  314.84763819]]
residual:0.754802810084, center:[[ 741.60639913  255.70552257  314.1820569 ]]
residual:0.951251266132, center:[[ 764.15358211  315.94568574  311.70278775]]
residual:1.00908869657, center:[[ 643.89548838  282.91242512  312.65215184]]
residual:1.04689751013, center:[[ 662.27165912  250.03091771  313.02840829]]
residual:1.07183047334, center:[[ 720.58675764  242.4958025   313.85244773]]
residual:1.08503749671, center:[[ 626.53148832  247.82266885  312.6871813 ]]
residual:1.29476325589, center:[[ 762.39102461  250.32489144  313.50812509]]
residual:1.31483555819, center:[[ 735.52819108  325.39276097  312.26307194]]
residual:1.63052561014, center:[[ 717.68312907  275.13517402  312.55889576]]
residual:1.76418961183, center:[[ 645.84950391  273.10717766  312.67017842]]
residual:1.78323724368, center:[[ 725.92965383  266.49818149  313.11875236]]
residual:2.32624473162, center:[[ 614.3289122   279.4042528   312.33704266]]
residual:2.61785845694, center:[[ 586.69280444  276.66974119  312.32550361]]
residual:3.22521423334, center:[[ 795.22583452  241.05174001  313.65263315]]
residual:3.6877665142, center:[[ 698.26532038  284.44228408  312.70398625]]
residual:5.29466117456, center:[[ 544.27384391  332.80622026  310.52675199]]
residual:5.82369720784, center:[[ 714.21461177  287.8284873   312.84001238]]
residual:6.16559218242, center:[[ 708.3070093   293.72249652  312.86566819]]
residual:35.7408735858, center:[[ 563.12369036  334.42260954  311.10254462]]


